0 0.199209 0.134794 0.129798 0.269588
0 0.953114 0.499324 0.093771 0.501235
0 0.202643 0.514235 0.126364 0.423647
0 0.350354 0.342676 0.134916 0.450529
0 0.503215 0.515706 0.129798 0.414706
0 0.655202 0.658941 0.136599 0.450471
0 0.808906 0.375471 0.163939 0.546000
0 0.356347 0.830206 0.140034 0.339588
0 0.059478 0.816794 0.118956 0.366412
0 0.059478 0.396382 0.118956 0.426647
0 0.057761 0.076618 0.115522 0.153235
0 0.348653 0.055735 0.148552 0.111471
0 0.501498 0.130324 0.133232 0.260647
0 0.651785 0.207882 0.136633 0.415765
0 0.808889 0.042294 0.122963 0.084588
0 0.955690 0.118382 0.088620 0.236765
0 0.953114 0.870500 0.093771 0.259000
0 0.809764 0.840647 0.151987 0.318706
0 0.497222 0.891382 0.131481 0.217235
